       z      mass      cnfw      a      b
       0.0000000      -23.848484       43.456657       48.320023       1309.1903
       0.0000000      -23.545454       43.456657       48.320023       1278.4944
       0.0000000      -23.242424       43.456657       48.320023       1247.7985
       0.0000000      -22.939394       43.456657       48.320023       1217.1026
       0.0000000      -22.636362       43.456657       48.320023       1186.4065
       0.0000000      -22.333332       43.456657       48.320023       1155.7106
       0.0000000      -22.030302       43.456657       48.320023       1125.0147
       0.0000000      -21.727272       43.456657       48.320023       1094.3189
       0.0000000      -21.424242       43.433811       48.290333       1063.8060
       0.0000000      -21.121212       43.348587       48.187668       1033.7513
       0.0000000      -20.818180       43.202717       48.013050       1004.1557
       0.0000000      -20.515150       43.002392       47.757046       975.02003
       0.0000000      -20.212120       42.732796       47.427879       946.34486
       0.0000000      -19.909090       42.402691       47.021961       918.13078
       0.0000000      -19.606060       42.057659       46.596859       890.37807
       0.0000000      -19.303030       41.709801       46.168205       863.08720
       0.0000000      -19.000000       41.358829       45.735893       836.25869
       0.0000000      -18.696968       41.004608       45.300018       809.89242
       0.0000000      -18.393938       40.647015       44.860680       783.98887
       0.0000000      -18.090908       40.285912       44.417976       758.54796
       0.0000000      -17.787878       39.921165       43.972008       733.56978
       0.0000000      -17.484848       39.552807       43.523064       709.05408
       0.0000000      -17.181816       39.180809       43.071346       685.00047
       0.0000000      -16.878788       38.805157       42.616631       661.40934
       0.0000000      -16.575756       38.425949       42.153679       638.27951
       0.0000000      -16.272726       38.043304       41.688370       615.61093
       0.0000000      -15.969697       37.657375       41.221123       593.40297
       0.0000000      -15.666667       37.268322       40.752357       571.65479
       0.0000000      -15.363636       36.876431       40.278099       550.36560
       0.0000000      -15.060606       36.481949       39.797958       529.53452
       0.0000000      -14.757576       36.083237       39.317551       509.16055
       0.0000000      -14.454545       35.677689       38.834438       489.24257
       0.0000000      -14.151515       35.270157       38.343227       469.77939
       0.0000000      -13.848485       34.861095       37.853531       450.76953
       0.0000000      -13.545454       34.448242       37.356628       432.21156
       0.0000000      -13.242424       34.028034       36.858082       414.10401
       0.0000000      -12.939394       33.607578       36.355747       396.44508
       0.0000000      -12.636363       33.183228       35.849934       379.23287
       0.0000000      -12.333333       32.752605       35.340115       362.46552
       0.0000000      -12.030303       32.323498       34.829216       346.14093
       0.0000000      -11.727273       31.883614       34.310673       330.25687
       0.0000000      -11.424242       31.446669       33.792645       314.81094
       0.0000000      -11.121212       30.999542       33.270004       299.80075
       0.0000000      -10.818182       30.553911       32.741848       285.22363
       0.0000000      -10.515151       30.100826       32.212234       271.07674
       0.0000000      -10.212121       29.644955       31.680367       257.35730
       0.0000000      -9.9090910       29.187887       31.145582       244.06219
       0.0000000      -9.6060600       28.723404       30.605198       231.18816
       0.0000000      -9.3030300       28.255260       30.061647       218.73197
       0.0000000      -9.0000000       27.784296       29.515352       206.69007
       0.0000000      -8.6969690       27.309875       28.966318       195.05876
       0.0000000      -8.3939390       26.831537       28.414711       183.83425
       0.0000000      -8.0909090       26.348949       27.858030       173.01257
       0.0000000      -7.7878790       25.862007       27.297995       162.58954
       0.0000000      -7.4848490       25.370800       26.735981       152.56086
       0.0000000      -7.1818171       24.875618       26.172928       142.92198
       0.0000000      -6.8787870       24.376968       25.604214       133.66838
       0.0000000      -6.5757570       23.875568       25.033655       124.79513
       0.0000000      -6.2727270       23.368757       24.460699       116.29722
       0.0000000      -5.9696970       22.857244       23.884914       108.16946
       0.0000000      -5.6666670       22.344755       23.305313       100.40644
       0.0000000      -5.3636351       21.824404       22.724945       93.002528
       0.0000000      -5.0606050       21.302750       22.142565       85.952057
       0.0000000      -4.7575750       20.777491       21.556213       79.248989
       0.0000000      -4.4545450       20.246277       20.967890       72.887139
       0.0000000      -4.1515150       19.712111       20.377590       66.860111
       0.0000000      -3.8484848       19.174513       19.783880       61.161286
       0.0000000      -3.5454547       18.633553       19.189072       55.783827
       0.0000000      -3.2424228       18.089836       18.594812       50.720637
       0.0000000      -2.9393928       17.540171       17.995642       45.964501
       0.0000000      -2.6363628       16.988598       17.397612       41.507905
       0.0000000      -2.3333328       16.433147       16.798670       37.343219
       0.0000000      -2.0303028       15.875708       16.197426       33.462742
       0.0000000      -1.7272729       15.314631       15.595674       29.858708
       0.0000000      -1.4242409       14.749312       14.991910       26.523106
       0.0000000      -1.1212109       14.180447       14.388952       23.447477
       0.0000000     -0.81818092       13.610080       13.785049       20.622697
       0.0000000     -0.51515090       13.036315       13.182161       18.039166
       0.0000000     -0.21212086       12.461510       12.580008       15.686898
       0.0000000     0.090909153       11.885755       11.980128       13.555571
       0.0000000      0.39393917       11.311037       11.383842       11.634562
       0.0000000      0.69697106       10.736225       10.792125       9.9129588
       0.0000000       1.0000011       10.164522       10.205142       8.3796407
       0.0000000       1.3030311       9.5966053       9.6241550       7.0232291
       0.0000000       1.6060611       9.0334702       9.0526667       5.8321714
       0.0000000       1.9090911       8.4769392       8.4898605       4.7947663
       0.0000000       2.2121212       7.9279871       7.9371710       3.8992069
       0.0000000       2.5151532       7.3900576       7.3982844       3.1336362
       0.0000000       2.8181832       6.8637056       6.8734322       2.4862240
       0.0000000       3.1212132       6.3516073       6.3650222       1.9452131
       0.0000000       3.4242432       5.8576193       5.8761840       1.4990234
       0.0000000       3.7272732       5.3838391       5.4085889       1.1363431
       0.0000000       4.0303030       4.9341807       4.9651170      0.84623116
       0.0000000       4.3333349       4.5112147       4.5487852      0.61822270
       0.0000000       4.6363649       4.1192169       4.1625857      0.44244258
       0.0000000       4.9393950       3.7613270       3.8093977      0.30969022
       0.0000000       5.2424250       3.4405162       3.4908750      0.21157820
       0.0000000       5.5454550       3.1577423       3.2093332      0.14079309
       0.0000000       5.8484850       2.9142265       2.9650028     0.091161704
       0.0000000       6.1515150       2.7079754       2.7566972     0.057362746
       1.0000000      -23.848484       29.566175       31.573046       798.65797
       1.0000000      -23.545454       29.566175       31.573046       779.93226
       1.0000000      -23.242424       29.566175       31.573046       761.20656
       1.0000000      -22.939394       29.566175       31.573046       742.48085
       1.0000000      -22.636362       29.566175       31.573046       723.75502
       1.0000000      -22.333332       29.566175       31.573046       705.02931
       1.0000000      -22.030302       29.566175       31.573046       686.30360
       1.0000000      -21.727272       29.566175       31.573046       667.57790
       1.0000000      -21.424242       29.550184       31.554146       648.96383
       1.0000000      -21.121212       29.494801       31.488770       630.62930
       1.0000000      -20.818180       29.394621       31.373491       612.57482
       1.0000000      -20.515150       29.255377       31.210398       594.80088
       1.0000000      -20.212120       29.071907       30.996828       577.30789
       1.0000000      -19.909090       28.846937       30.734446       560.09618
       1.0000000      -19.606060       28.611479       30.459906       543.16593
       1.0000000      -19.303030       28.373999       30.183153       526.51741
       1.0000000      -19.000000       28.134310       29.904116       510.15096
       1.0000000      -18.696968       27.892096       29.622835       494.06649
       1.0000000      -18.393938       27.646681       29.339361       478.26429
       1.0000000      -18.090908       27.399244       29.053734       462.74433
       1.0000000      -17.787878       27.149719       28.765993       447.50665
       1.0000000      -17.484848       26.898127       28.476307       432.55110
       1.0000000      -17.181816       26.644455       28.184782       417.87745
       1.0000000      -16.878788       26.388681       27.891560       403.48592
       1.0000000      -16.575756       26.129345       27.593189       389.37581
       1.0000000      -16.272726       25.867666       27.293009       375.54708
       1.0000000      -15.969697       25.603750       26.991428       361.99934
       1.0000000      -15.666667       25.337713       26.688696       348.73209
       1.0000000      -15.363636       25.069767       26.384762       335.74484
       1.0000000      -15.060606       24.800081       26.074623       323.03705
       1.0000000      -14.757576       24.528862       25.764053       310.60812
       1.0000000      -14.454545       24.253212       25.453407       298.45737
       1.0000000      -14.151515       23.974638       25.137529       286.58405
       1.0000000      -13.848485       23.695082       24.820341       274.98728
       1.0000000      -13.545454       23.414846       24.503349       263.66619
       1.0000000      -13.242424       23.128389       24.179916       252.61987
       1.0000000      -12.939394       22.841188       23.858448       241.84722
       1.0000000      -12.636363       22.553646       23.531040       231.34709
       1.0000000      -12.333333       22.259609       23.205227       221.11834
       1.0000000      -12.030303       21.966694       22.873394       211.15969
       1.0000000      -11.727273       21.668566       22.543076       201.46979
       1.0000000      -11.424242       21.370438       22.207661       192.04716
       1.0000000      -11.121212       21.067419       21.871193       182.89035
       1.0000000      -10.818182       20.765339       21.534540       173.99773
       1.0000000      -10.515151       20.456520       21.192938       165.36756
       1.0000000      -10.212121       20.147690       20.849758       156.99816
       1.0000000      -9.9090910       19.837282       20.505392       148.88761
       1.0000000      -9.6060600       19.521635       20.159410       141.03394
       1.0000000      -9.3030300       19.204678       19.811497       133.43517
       1.0000000      -9.0000000       18.885902       19.461411       126.08914
       1.0000000      -8.6969690       18.564886       19.109022       118.99358
       1.0000000      -8.3939390       18.241312       18.754349       112.14618
       1.0000000      -8.0909090       17.914961       18.397482       105.54453
       1.0000000      -7.7878790       17.585747       18.038671       99.186067
       1.0000000      -7.4848490       17.253714       17.678270       93.068171
       1.0000000      -7.1818171       16.919039       17.316755       87.188076
       1.0000000      -6.8787870       16.582047       16.954683       81.543009
       1.0000000      -6.5757570       16.243187       16.587955       76.129977
       1.0000000      -6.2727270       15.903036       16.221478       70.945918
       1.0000000      -5.9696970       15.558358       15.852874       65.987660
       1.0000000      -5.6666670       15.212433       15.483237       61.251911
       1.0000000      -5.3636351       14.864076       15.111086       56.735230
       1.0000000      -5.0606050       14.513759       14.738879       52.434163
       1.0000000      -4.7575750       14.160124       14.365293       48.345026
       1.0000000      -4.4545450       13.805335       13.989208       44.464045
       1.0000000      -4.1515150       13.448645       13.612430       40.787319
       1.0000000      -3.8484848       13.089593       13.234902       37.310809
       1.0000000      -3.5454547       12.728061       12.856895       34.030347
       1.0000000      -3.2424228       12.364285       12.476428       30.941600
       1.0000000      -2.9393928       11.998858       12.095949       28.040168
       1.0000000      -2.6363628       11.632709       11.716040       25.321468
       1.0000000      -2.3333328       11.263943       11.334049       22.780844
       1.0000000      -2.0303028       10.894935       10.952465       20.413599
       1.0000000      -1.7272729       10.522923       10.570946       18.214996
       1.0000000      -1.4242409       10.150118       10.188978       16.180146
       1.0000000      -1.1212109       9.7762938       9.8067141       14.303891
       1.0000000     -0.81818092       9.4019756       9.4249935       12.580663
       1.0000000     -0.51515090       9.0257683       9.0442562       11.004606
       1.0000000     -0.21212086       8.6508999       8.6641579       9.5696300
       1.0000000     0.090909153       8.2753763       8.2858047       8.2694360
       1.0000000      0.39393917       7.9017563       7.9103098       7.0975438
       1.0000000      0.69697106       7.5307593       7.5384998       6.0472979
       1.0000000       1.0000011       7.1614728       7.1699476       5.1119131
       1.0000000       1.3030311       6.7971621       6.8071747       4.2844482
       1.0000000       1.6060611       6.4374208       6.4492149       3.5578558
       1.0000000       1.9090911       6.0829463       6.0983109       2.9249976
       1.0000000       2.2121212       5.7354679       5.7547560       2.3786708
       1.0000000       2.5151532       5.3967724       5.4198647       1.9116423
       1.0000000       2.8181832       5.0675974       5.0949850       1.5166952
       1.0000000       3.1212132       4.7493124       4.7813826       1.1866571
       1.0000000       3.4242432       4.4433608       4.4801660      0.91446369
       1.0000000       3.7272732       4.1519408       4.1928635      0.69321436
       1.0000000       4.0303030       3.8769867       3.9211104      0.51623456
       1.0000000       4.3333349       3.6188493       3.6661012      0.37714036
       1.0000000       4.6363649       3.3803539       3.4288013      0.26990752
       1.0000000       4.9393950       3.1618519       3.2109408      0.18892331
       1.0000000       5.2424250       2.9645290       3.0132773      0.12907109
       1.0000000       5.5454550       2.7885692       2.8363678     0.085889366
       1.0000000       5.8484850       2.6340404       2.6796620     0.055612254
       1.0000000       6.1515150       2.4994898       2.5427222     0.034993550
       2.0000000      -23.848484       20.630033       21.383581       549.42013
       2.0000000      -23.545454       20.630033       21.383581       536.53817
       2.0000000      -23.242424       20.630033       21.383581       523.65621
       2.0000000      -22.939394       20.630033       21.383581       510.77425
       2.0000000      -22.636362       20.630033       21.383581       497.89221
       2.0000000      -22.333332       20.630033       21.383581       485.01025
       2.0000000      -22.030302       20.630033       21.383581       472.12828
       2.0000000      -21.727272       20.630033       21.383581       459.24632
       2.0000000      -21.424242       20.618834       21.371275       446.44117
       2.0000000      -21.121212       20.580044       21.326939       433.82830
       2.0000000      -20.818180       20.509264       21.248842       421.40810
       2.0000000      -20.515150       20.411835       21.141741       409.18089
       2.0000000      -20.212120       20.282757       20.998781       397.14695
       2.0000000      -19.909090       20.124640       20.823292       385.30651
       2.0000000      -19.606060       19.959208       20.639940       373.65970
       2.0000000      -19.303030       19.792389       20.455219       362.20670
       2.0000000      -19.000000       19.624063       20.269064       350.94774
       2.0000000      -18.696968       19.454178       20.081486       339.88276
       2.0000000      -18.393938       19.282686       19.892498       329.01197
       2.0000000      -18.090908       19.109539       19.702120       318.33533
       2.0000000      -17.787878       18.934687       19.510361       307.85289
       2.0000000      -17.484848       18.758158       19.317314       297.56453
       2.0000000      -17.181816       18.579950       19.123035       287.47010
       2.0000000      -16.878788       18.400076       18.926832       277.56975
       2.0000000      -16.575756       18.218588       18.728144       267.86299
       2.0000000      -16.272726       18.035557       18.528292       258.34980
       2.0000000      -15.969697       17.851063       18.327423       249.02991
       2.0000000      -15.666667       17.665192       18.125675       239.90299
       2.0000000      -15.363636       17.478086       17.923244       230.96868
       2.0000000      -15.060606       17.289869       17.717245       222.22662
       2.0000000      -14.757576       17.099821       17.510124       213.67640
       2.0000000      -14.454545       16.906578       17.302755       205.31754
       2.0000000      -14.151515       16.712538       17.094042       197.14954
       2.0000000      -13.848485       16.517910       16.882101       189.17178
       2.0000000      -13.545454       16.321358       16.670588       181.38367
       2.0000000      -13.242424       16.121777       16.456858       173.78458
       2.0000000      -12.939394       15.922213       16.241413       166.37376
       2.0000000      -12.636363       15.720571       16.025999       159.15042
       2.0000000      -12.333333       15.516563       15.807127       152.11376
       2.0000000      -12.030303       15.312987       15.589013       145.26292
       2.0000000      -11.727273       15.104948       15.367500       138.59695
       2.0000000      -11.424242       14.898302       15.145991       132.11485
       2.0000000      -11.121212       14.686966       14.922907       125.81561
       2.0000000      -10.818182       14.476425       14.697656       119.69811
       2.0000000      -10.515151       14.262846       14.472501       113.76117
       2.0000000      -10.212121       14.047989       14.245361       108.00361
       2.0000000      -9.9090910       13.832863       14.016150       102.42413
       2.0000000      -9.6060600       13.614345       13.786340       97.021368
       2.0000000      -9.3030300       13.394518       13.555649       91.793952
       2.0000000      -9.0000000       13.173681       13.323842       86.740401
       2.0000000      -8.6969690       12.951549       13.090754       81.859155
       2.0000000      -8.3939390       12.727894       12.856263       77.148634
       2.0000000      -8.0909090       12.502557       12.620392       72.607162
       2.0000000      -7.7878790       12.275454       12.383132       68.232991
       2.0000000      -7.4848490       12.046593       12.144628       64.024312
       2.0000000      -7.1818171       11.816059       11.905070       59.979223
       2.0000000      -6.8787870       11.584032       11.664735       56.095817
       2.0000000      -6.5757570       11.350780       11.423965       52.372034
       2.0000000      -6.2727270       11.116647       11.181976       48.805768
       2.0000000      -5.9696970       10.881256       10.938209       45.394838
       2.0000000      -5.6666670       10.643265       10.695147       42.136977
       2.0000000      -5.3636351       10.405590       10.449348       39.029821
       2.0000000      -5.0606050       10.164964       10.204566       36.070991
       2.0000000      -4.7575750       9.9247360       9.9575100       33.257954
       2.0000000      -4.4545450       9.6820240       9.7103062       30.588115
       2.0000000      -4.1515150       9.4384785       9.4629278       28.058787
       2.0000000      -3.8484848       9.1942291       9.2150478       25.667195
       2.0000000      -3.5454547       8.9490261       8.9665155       23.410469
       2.0000000      -3.2424228       8.7028198       8.7173662       21.285630
       2.0000000      -2.9393928       8.4557676       8.4678259       19.289650
       2.0000000      -2.6363628       8.2082348       8.2182913       17.419377
       2.0000000      -2.3333328       7.9607668       7.9693227       15.671608
       2.0000000      -2.0303028       7.7113380       7.7196035       14.043111
       2.0000000      -1.7272729       7.4630313       7.4706688       12.530627
       2.0000000      -1.4242409       7.2130089       7.2211413       11.130795
       2.0000000      -1.1212109       6.9633675       6.9723959       9.8400642
       2.0000000     -0.81818092       6.7138686       6.7241693       8.6546052
       2.0000000     -0.51515090       6.4647217       6.4765964       7.5703899
       2.0000000     -0.21212086       6.2165623       6.2302103       6.5832279
       2.0000000     0.090909153       5.9693947       5.9859028       5.6887864
       2.0000000      0.39393917       5.7240167       5.7429080       4.8826076
       2.0000000      0.69697106       5.4809108       5.5034523       4.1601128
       2.0000000       1.0000011       5.2409911       5.2663202       3.5166342
       2.0000000       1.3030311       5.0045562       5.0330834       2.9473970
       2.0000000       1.6060611       4.7722731       4.8042417       2.4475529
       2.0000000       1.9090911       4.5451050       4.5804472       2.0121912
       2.0000000       2.2121212       4.3234682       4.3616691       1.6363571
       2.0000000       2.5151532       4.1081748       4.1492562       1.3150746
       2.0000000       2.8181832       3.9001553       3.9440162       1.0433789
       2.0000000       3.1212132       3.7006068       3.7462106      0.81633607
       2.0000000       3.4242432       3.5096359       3.5569229      0.62908627
       2.0000000       3.7272732       3.3284893       3.3772979      0.47688239
       2.0000000       4.0303030       3.1581964       3.2069867      0.35513282
       2.0000000       4.3333349       2.9992521       3.0479372      0.25944587
       2.0000000       4.6363649       2.8519790       2.8997884      0.18567726
       2.0000000       4.9393950       2.7171526       2.7637343      0.12996586
       2.0000000       5.2424250       2.5949562       2.6397429     0.088791774
       2.0000000       5.5454550       2.4854236       2.5279672     0.059085802
       2.0000000       5.8484850       2.3879936       2.4283791     0.038257293
       2.0000000       6.1515150       2.3024433       2.3404331     0.024073084
       3.0000000      -23.848484       15.544796       15.837126       415.49615
       3.0000000      -23.545454       15.544796       15.837126       405.75423
       3.0000000      -23.242424       15.544796       15.837126       396.01232
       3.0000000      -22.939394       15.544796       15.837126       386.27040
       3.0000000      -22.636362       15.544796       15.837126       376.52842
       3.0000000      -22.333332       15.544796       15.837126       366.78650
       3.0000000      -22.030302       15.544796       15.837126       357.04459
       3.0000000      -21.727272       15.544796       15.837126       347.30267
       3.0000000      -21.424242       15.536111       15.827816       337.61883
       3.0000000      -21.121212       15.506031       15.795589       328.08042
       3.0000000      -20.818180       15.455294       15.741162       318.68771
       3.0000000      -20.515150       15.379762       15.660611       309.44094
       3.0000000      -20.212120       15.283813       15.557800       300.34034
       3.0000000      -19.909090       15.165343       15.430944       291.38607
       3.0000000      -19.606060       15.040872       15.298113       282.57822
       3.0000000      -19.303030       14.914507       15.164214       273.91695
       3.0000000      -19.000000       14.787190       15.029180       265.40242
       3.0000000      -18.696968       14.658886       14.893023       257.03459
       3.0000000      -18.393938       14.529565       14.755732       248.81361
       3.0000000      -18.090908       14.399192       14.617310       240.73946
       3.0000000      -17.787878       14.267733       14.477755       232.81216
       3.0000000      -17.484848       14.135204       14.337119       225.03165
       3.0000000      -17.181816       14.001608       14.195440       217.39778
       3.0000000      -16.878788       13.866947       14.052747       209.91069
       3.0000000      -16.575756       13.731256       13.909114       202.57001
       3.0000000      -16.272726       13.594580       13.764626       195.37571
       3.0000000      -15.969697       13.456424       13.619363       188.32759
       3.0000000      -15.666667       13.316485       13.473411       181.42540
       3.0000000      -15.363636       13.175588       13.325725       174.66887
       3.0000000      -15.060606       13.033823       13.176406       168.05774
       3.0000000      -14.757576       12.891294       13.026623       161.59167
       3.0000000      -14.454545       12.748118       12.876515       155.27033
       3.0000000      -14.151515       12.602809       12.725117       149.09332
       3.0000000      -13.848485       12.456043       12.571674       143.06019
       3.0000000      -13.545454       12.308951       12.418323       137.17046
       3.0000000      -13.242424       12.161456       12.264128       131.42370
       3.0000000      -12.939394       12.010798       12.107715       125.81930
       3.0000000      -12.636363       11.860306       11.951951       120.35668
       3.0000000      -12.333333       11.708854       11.793656       115.03525
       3.0000000      -12.030303       11.555251       11.635498       109.85433
       3.0000000      -11.727273       11.402301       11.475692       104.81323
       3.0000000      -11.424242       11.245964       11.315651       99.911173
       3.0000000      -11.121212       11.090748       11.153791       95.147407
       3.0000000      -10.818182       10.932271       10.992558       90.521084
       3.0000000      -10.515151       10.774271       10.828336       86.031302
       3.0000000      -10.212121       10.614476       10.664440       81.677178
       3.0000000      -9.9090910       10.453465       10.500152       77.457725
       3.0000000      -9.6060600       10.292315       10.333557       73.371910
       3.0000000      -9.3030300       10.129404       10.166739       69.418704
       3.0000000      -9.0000000       9.9650631       9.9994745       65.596982
       3.0000000      -8.6969690       9.8001099       9.8315754       61.905565
       3.0000000      -8.3939390       9.6343546       9.6626587       58.343258
       3.0000000      -8.0909090       9.4676456       9.4924803       54.908793
       3.0000000      -7.7878790       9.2998848       9.3217182       51.600849
       3.0000000      -7.4848490       9.1310282       9.1503601       48.418056
       3.0000000      -7.1818171       8.9610844       8.9784412       45.358979
       3.0000000      -6.8787870       8.7901230       8.8057232       42.422173
       3.0000000      -6.5757570       8.6182728       8.6318598       39.606081
       3.0000000      -6.2727270       8.4457235       8.4575396       36.909111
       3.0000000      -5.9696970       8.2727156       8.2830114       34.329612
       3.0000000      -5.6666670       8.0987339       8.1085739       31.865872
       3.0000000      -5.3636351       7.9233499       7.9321508       29.516101
       3.0000000      -5.0606050       7.7483244       7.7562857       27.278502
       3.0000000      -4.7575750       7.5715055       7.5795798       25.151157
       3.0000000      -4.4545450       7.3953204       7.4029756       23.132104
       3.0000000      -4.1515150       7.2172170       7.2253742       21.219314
       3.0000000      -3.8484848       7.0393505       7.0482230       19.410684
       3.0000000      -3.5454547       6.8613801       6.8709207       17.704047
       3.0000000      -3.2424228       6.6828671       6.6928577       16.097148
       3.0000000      -2.9393928       6.5038066       6.5150027       14.587699
       3.0000000      -2.6363628       6.3247952       6.3373284       13.173314
       3.0000000      -2.3333328       6.1456852       6.1599116       11.851573
       3.0000000      -2.0303028       5.9662204       5.9829249       10.620030
       3.0000000      -1.7272729       5.7871108       5.8055425       9.4762225
       3.0000000      -1.4242409       5.6088305       5.6286969       8.4176064
       3.0000000      -1.1212109       5.4298301       5.4529819       7.4414979
       3.0000000     -0.81818092       5.2522163       5.2768517       6.5450006
       3.0000000     -0.51515090       5.0748153       5.1021943       5.7250684
       3.0000000     -0.21212086       4.8984513       4.9288440       4.9785322
       3.0000000     0.090909153       4.7236543       4.7563400       4.3021155
       3.0000000      0.39393917       4.5507488       4.5858417       3.6924469
       3.0000000      0.69697106       4.3801908       4.4176521       3.1460639
       3.0000000       1.0000011       4.2124524       4.2521591       2.6594366
       3.0000000       1.3030311       4.0471559       4.0890503       2.2289538
       3.0000000       1.6060611       3.8858638       3.9294896       1.8509493
       3.0000000       1.9090911       3.7284548       3.7741024       1.5217092
       3.0000000       2.2121212       3.5755923       3.6222699       1.2374866
       3.0000000       2.5151532       3.4275429       3.4755759      0.99451838
       3.0000000       2.8181832       3.2854130       3.3335767      0.78904993
       3.0000000       3.1212132       3.1485965       3.1976027      0.61734995
       3.0000000       3.4242432       3.0187175       3.0671723      0.47574325
       3.0000000       3.7272732       2.8954685       2.9437037      0.36063986
       3.0000000       4.0303030       2.7798095       2.8267853      0.26856737
       3.0000000       4.3333349       2.6714184       2.7172513      0.19620460
       3.0000000       4.6363649       2.5711329       2.6154370      0.14041747
       3.0000000       4.9393950       2.4789393       2.5214064     0.098286014
       3.0000000       5.2424250       2.3950164       2.4353733     0.067148322
       3.0000000       5.5454550       2.3191721       2.3577502     0.044683334
       3.0000000       5.8484850       2.2514994       2.2875323     0.028931881
       3.0000000       6.1515150       2.1912215       2.2252755     0.018205146
